0.000851 0.031330 0.179413 0.003876 0.176115 0.006510 0.050953 0.050953 
0.000851 0.031330 0.179413 0.003876 0.176115 0.006510 0.050953 0.050953 
0.000851 0.031330 0.179413 0.003876 0.176115 0.006510 0.050953 0.050953 
0.000851 0.031330 0.179413 0.003876 0.176115 0.006510 0.050953 0.050953 
0.000851 0.031330 0.179413 0.003876 0.176115 0.006510 0.050953 0.050953 
0.000851 0.031330 0.179413 0.003876 0.176115 0.006510 0.050953 0.050953 
0.000851 0.031330 0.179413 0.003876 0.176115 0.006510 0.050953 0.050953 
0.000851 0.031330 0.179413 0.003876 0.176115 0.006510 0.050953 0.050953 

0.001905 0.009516 0.004413 0.373147 0.001503 0.025542 0.077305 0.006670 
0.001905 0.009516 0.004413 0.373147 0.001503 0.025542 0.077305 0.006670 
0.001905 0.009516 0.004413 0.373147 0.001503 0.025542 0.077305 0.006670 
0.001905 0.009516 0.004413 0.373147 0.001503 0.025542 0.077305 0.006670 
0.001905 0.009516 0.004413 0.373147 0.001503 0.025542 0.077305 0.006670 
0.001905 0.009516 0.004413 0.373147 0.001503 0.025542 0.077305 0.006670 
0.001905 0.009516 0.004413 0.373147 0.001503 0.025542 0.077305 0.006670 
0.001905 0.009516 0.004413 0.373147 0.001503 0.025542 0.077305 0.006670

0.135926 0.007476 0.000919 0.007003 0.097522 0.117979 0.122559 0.010615
0.135926 0.007476 0.000919 0.007003 0.097522 0.117979 0.122559 0.010615
0.135926 0.007476 0.000919 0.007003 0.097522 0.117979 0.122559 0.010615
0.135926 0.007476 0.000919 0.007003 0.097522 0.117979 0.122559 0.010615
0.135926 0.007476 0.000919 0.007003 0.097522 0.117979 0.122559 0.010615
0.135926 0.007476 0.000919 0.007003 0.097522 0.117979 0.122559 0.010615
0.135926 0.007476 0.000919 0.007003 0.097522 0.117979 0.122559 0.010615
0.135926 0.007476 0.000919 0.007003 0.097522 0.117979 0.122559 0.010615

0.000425 0.015665 0.089707 0.001938 0.088057 0.003255 0.025476 0.025476
0.000425 0.015665 0.089707 0.001938 0.088057 0.003255 0.025476 0.025476
0.000425 0.015665 0.089707 0.001938 0.088057 0.003255 0.025476 0.025476
0.000425 0.015665 0.089707 0.001938 0.088057 0.003255 0.025476 0.025476
0.000425 0.015665 0.089707 0.001938 0.088057 0.003255 0.025476 0.025476
0.000425 0.015665 0.089707 0.001938 0.088057 0.003255 0.025476 0.025476
0.000425 0.015665 0.089707 0.001938 0.088057 0.003255 0.025476 0.025476
0.000425 0.015665 0.089707 0.001938 0.088057 0.003255 0.025476 0.025476

0.000953 0.004758 0.002206 0.186573 0.000751 0.012771 0.038652 0.003335
0.000953 0.004758 0.002206 0.186573 0.000751 0.012771 0.038652 0.003335
0.000953 0.004758 0.002206 0.186573 0.000751 0.012771 0.038652 0.003335
0.000953 0.004758 0.002206 0.186573 0.000751 0.012771 0.038652 0.003335
0.000953 0.004758 0.002206 0.186573 0.000751 0.012771 0.038652 0.003335
0.000953 0.004758 0.002206 0.186573 0.000751 0.012771 0.038652 0.003335
0.000953 0.004758 0.002206 0.186573 0.000751 0.012771 0.038652 0.003335
0.000953 0.004758 0.002206 0.186573 0.000751 0.012771 0.038652 0.003335

0.067963 0.003738 0.000459 0.003501 0.048761 0.058990 0.061280 0.005308
0.067963 0.003738 0.000459 0.003501 0.048761 0.058990 0.061280 0.005308
0.067963 0.003738 0.000459 0.003501 0.048761 0.058990 0.061280 0.005308
0.067963 0.003738 0.000459 0.003501 0.048761 0.058990 0.061280 0.005308
0.067963 0.003738 0.000459 0.003501 0.048761 0.058990 0.061280 0.005308
0.067963 0.003738 0.000459 0.003501 0.048761 0.058990 0.061280 0.005308
0.067963 0.003738 0.000459 0.003501 0.048761 0.058990 0.061280 0.005308
0.067963 0.003738 0.000459 0.003501 0.048761 0.058990 0.061280 0.005308

0.000213 0.007832 0.044853 0.000969 0.044029 0.001627 0.012738 0.012738
0.000213 0.007832 0.044853 0.000969 0.044029 0.001627 0.012738 0.012738
0.000213 0.007832 0.044853 0.000969 0.044029 0.001627 0.012738 0.012738
0.000213 0.007832 0.044853 0.000969 0.044029 0.001627 0.012738 0.012738
0.000213 0.007832 0.044853 0.000969 0.044029 0.001627 0.012738 0.012738
0.000213 0.007832 0.044853 0.000969 0.044029 0.001627 0.012738 0.012738
0.000213 0.007832 0.044853 0.000969 0.044029 0.001627 0.012738 0.012738
0.000213 0.007832 0.044853 0.000969 0.044029 0.001627 0.012738 0.012738

0.000476 0.002379 0.001103 0.093287 0.000376 0.006386 0.019326 0.001667
0.000476 0.002379 0.001103 0.093287 0.000376 0.006386 0.019326 0.001667
0.000476 0.002379 0.001103 0.093287 0.000376 0.006386 0.019326 0.001667
0.000476 0.002379 0.001103 0.093287 0.000376 0.006386 0.019326 0.001667
0.000476 0.002379 0.001103 0.093287 0.000376 0.006386 0.019326 0.001667
0.000476 0.002379 0.001103 0.093287 0.000376 0.006386 0.019326 0.001667
0.000476 0.002379 0.001103 0.093287 0.000376 0.006386 0.019326 0.001667
0.000476 0.002379 0.001103 0.093287 0.000376 0.006386 0.019326 0.001667

0.033982 0.001869 0.000230 0.001751 0.024381 0.029495 0.030640 0.002654
0.033982 0.001869 0.000230 0.001751 0.024381 0.029495 0.030640 0.002654
0.033982 0.001869 0.000230 0.001751 0.024381 0.029495 0.030640 0.002654
0.033982 0.001869 0.000230 0.001751 0.024381 0.029495 0.030640 0.002654
0.033982 0.001869 0.000230 0.001751 0.024381 0.029495 0.030640 0.002654
0.033982 0.001869 0.000230 0.001751 0.024381 0.029495 0.030640 0.002654
0.033982 0.001869 0.000230 0.001751 0.024381 0.029495 0.030640 0.002654
0.033982 0.001869 0.000230 0.001751 0.024381 0.029495 0.030640 0.002654

0.000106 0.003916 0.022427 0.000484 0.022014 0.000814 0.006369 0.006369
0.000106 0.003916 0.022427 0.000484 0.022014 0.000814 0.006369 0.006369
0.000106 0.003916 0.022427 0.000484 0.022014 0.000814 0.006369 0.006369
0.000106 0.003916 0.022427 0.000484 0.022014 0.000814 0.006369 0.006369
0.000106 0.003916 0.022427 0.000484 0.022014 0.000814 0.006369 0.006369
0.000106 0.003916 0.022427 0.000484 0.022014 0.000814 0.006369 0.006369
0.000106 0.003916 0.022427 0.000484 0.022014 0.000814 0.006369 0.006369
0.000106 0.003916 0.022427 0.000484 0.022014 0.000814 0.006369 0.006369

0.000238 0.001190 0.000552 0.046643 0.000188 0.003193 0.009663 0.000834
0.000238 0.001190 0.000552 0.046643 0.000188 0.003193 0.009663 0.000834
0.000238 0.001190 0.000552 0.046643 0.000188 0.003193 0.009663 0.000834
0.000238 0.001190 0.000552 0.046643 0.000188 0.003193 0.009663 0.000834
0.000238 0.001190 0.000552 0.046643 0.000188 0.003193 0.009663 0.000834
0.000238 0.001190 0.000552 0.046643 0.000188 0.003193 0.009663 0.000834
0.000238 0.001190 0.000552 0.046643 0.000188 0.003193 0.009663 0.000834
0.000238 0.001190 0.000552 0.046643 0.000188 0.003193 0.009663 0.000834

0.000071 0.002611 0.014951 0.000323 0.014676 0.000542 0.004246 0.004246
0.000071 0.002611 0.014951 0.000323 0.014676 0.000542 0.004246 0.004246
0.000071 0.002611 0.014951 0.000323 0.014676 0.000542 0.004246 0.004246
0.000071 0.002611 0.014951 0.000323 0.014676 0.000542 0.004246 0.004246
0.000071 0.002611 0.014951 0.000323 0.014676 0.000542 0.004246 0.004246
0.000071 0.002611 0.014951 0.000323 0.014676 0.000542 0.004246 0.004246
0.000071 0.002611 0.014951 0.000323 0.014676 0.000542 0.004246 0.004246
0.000071 0.002611 0.014951 0.000323 0.014676 0.000542 0.004246 0.004246

0.000159 0.000793 0.000368 0.031096 0.000125 0.002129 0.006442 0.000556
0.000159 0.000793 0.000368 0.031096 0.000125 0.002129 0.006442 0.000556
0.000159 0.000793 0.000368 0.031096 0.000125 0.002129 0.006442 0.000556
0.000159 0.000793 0.000368 0.031096 0.000125 0.002129 0.006442 0.000556
0.000159 0.000793 0.000368 0.031096 0.000125 0.002129 0.006442 0.000556
0.000159 0.000793 0.000368 0.031096 0.000125 0.002129 0.006442 0.000556
0.000159 0.000793 0.000368 0.031096 0.000125 0.002129 0.006442 0.000556
0.000159 0.000793 0.000368 0.031096 0.000125 0.002129 0.006442 0.000556

0.011327 0.000623 0.000077 0.000584 0.008127 0.009832 0.010213 0.000885
0.011327 0.000623 0.000077 0.000584 0.008127 0.009832 0.010213 0.000885
0.011327 0.000623 0.000077 0.000584 0.008127 0.009832 0.010213 0.000885
0.011327 0.000623 0.000077 0.000584 0.008127 0.009832 0.010213 0.000885
0.011327 0.000623 0.000077 0.000584 0.008127 0.009832 0.010213 0.000885
0.011327 0.000623 0.000077 0.000584 0.008127 0.009832 0.010213 0.000885
0.011327 0.000623 0.000077 0.000584 0.008127 0.009832 0.010213 0.000885
0.011327 0.000623 0.000077 0.000584 0.008127 0.009832 0.010213 0.000885

0.000053 0.001958 0.011213 0.000242 0.011007 0.000407 0.003185 0.003185
0.000053 0.001958 0.011213 0.000242 0.011007 0.000407 0.003185 0.003185
0.000053 0.001958 0.011213 0.000242 0.011007 0.000407 0.003185 0.003185
0.000053 0.001958 0.011213 0.000242 0.011007 0.000407 0.003185 0.003185
0.000053 0.001958 0.011213 0.000242 0.011007 0.000407 0.003185 0.003185
0.000053 0.001958 0.011213 0.000242 0.011007 0.000407 0.003185 0.003185
0.000053 0.001958 0.011213 0.000242 0.011007 0.000407 0.003185 0.003185
0.000053 0.001958 0.011213 0.000242 0.011007 0.000407 0.003185 0.003185

0.000119 0.000595 0.000276 0.023322 0.000094 0.001596 0.004832 0.000417
0.000119 0.000595 0.000276 0.023322 0.000094 0.001596 0.004832 0.000417
0.000119 0.000595 0.000276 0.023322 0.000094 0.001596 0.004832 0.000417
0.000119 0.000595 0.000276 0.023322 0.000094 0.001596 0.004832 0.000417
0.000119 0.000595 0.000276 0.023322 0.000094 0.001596 0.004832 0.000417
0.000119 0.000595 0.000276 0.023322 0.000094 0.001596 0.004832 0.000417
0.000119 0.000595 0.000276 0.023322 0.000094 0.001596 0.004832 0.000417
0.000119 0.000595 0.000276 0.023322 0.000094 0.001596 0.004832 0.000417

0.008495 0.000467 0.000057 0.000438 0.006095 0.007374 0.007660 0.000663
0.008495 0.000467 0.000057 0.000438 0.006095 0.007374 0.007660 0.000663
0.008495 0.000467 0.000057 0.000438 0.006095 0.007374 0.007660 0.000663
0.008495 0.000467 0.000057 0.000438 0.006095 0.007374 0.007660 0.000663
0.008495 0.000467 0.000057 0.000438 0.006095 0.007374 0.007660 0.000663
0.008495 0.000467 0.000057 0.000438 0.006095 0.007374 0.007660 0.000663
0.008495 0.000467 0.000057 0.000438 0.006095 0.007374 0.007660 0.000663
0.008495 0.000467 0.000057 0.000438 0.006095 0.007374 0.007660 0.000663

0.000053 0.001958 0.011213 0.000242 0.011007 0.000407 0.003185 0.003185
0.000053 0.001958 0.011213 0.000242 0.011007 0.000407 0.003185 0.003185
0.000053 0.001958 0.011213 0.000242 0.011007 0.000407 0.003185 0.003185
0.000053 0.001958 0.011213 0.000242 0.011007 0.000407 0.003185 0.003185
0.000053 0.001958 0.011213 0.000242 0.011007 0.000407 0.003185 0.003185
0.000053 0.001958 0.011213 0.000242 0.011007 0.000407 0.003185 0.003185
0.000053 0.001958 0.011213 0.000242 0.011007 0.000407 0.003185 0.003185
0.000053 0.001958 0.011213 0.000242 0.011007 0.000407 0.003185 0.003185